3
810
5
7
11
4
21
A
4
16
1
1
1
1
1
1
1
1
A
4
1293
7
11
12
5
3
20
6
5
2
A
5
1101
7
11
12
5
3
20
6
5
2
A
7
863
7
11
12
5
3
20
6
5
2
A
10
1177
1
2
3
4
5
6
7
8
9
10
11
12
11
10
8
A
13
957
1
2
3
4
5
6
7
8
9
10
11
12
11
10
8
A
3
77
1
2
3
4
5
A
3
15789
4
38
14
14
15
20
32
13
46
21
A
7
7523
4
38
14
14
15
20
32
13
46
21
A
7
10107
22
27
27
9
39
46
7
13
25
44
A
4
27294
3
44
33
28
21
49
34
6
16
31
40
21
A
7
15630
3
44
33
28
21
49
34
6
16
31
40
21
A
10
11566
3
44
33
28
21
49
34
6
16
31
40
21
A
6
3229
7
8
5
11
10
7
8
12
21
10
23
13
A
9
2189
7
8
5
11
10
7
8
12
21
10
23
13
A
7
15420
9
36
18
29
38
4
24
20
13
17
21
24
15
23
21
14
A
11
10404
9
36
18
29
38
4
24
20
13
17
21
24
15
23
21
14
A
10
21012
8
46
27
48
37
27
23
17
35
41
11
37
37
30
26
A
5
11605
15
3
18
3
21
7
14
2
17
9
20
2
38
4
35
6
23
A
10
6379
15
3
18
3
21
7
14
2
17
9
20
2
38
4
35
6
23
A
13
5615
15
3
18
3
21
7
14
2
17
9
20
2
38
4
35
6
23
A
4
41895
22
3
4
30
39
18
20
29
32
28
25
28
11
17
19
35
21
28
A
6
46561
27
47
24
23
32
10
29
3
33
48
48
20
22
11
19
49
21
45
16
A
13
22823
27
47
24
23
32
10
29
3
33
48
48
20
22
11
19
49
21
45
16
A
8
26971
27
31
9
23
37
7
7
18
32
4
8
32
41
8
11
22
22
5
21
32
7
11
33
13
A
13
17133
27
31
9
23
37
7
7
18
32
4
8
32
41
8
11
22
22
5
21
32
7
11
33
13
A
18
13087
27
31
9
23
37
7
7
18
32
4
8
32
41
8
11
22
22
5
21
32
7
11
33
13
A
15
17458
21
20
45
30
33
27
12
21
15
21
27
49
45
11
15
28
11
15
14
36
A